,0,1
0,a1504272600,8.2900
1,1,8.2700
2,2,8.2800
3,3,8.2750
4,4,8.2875
5,5,8.2800
6,6,8.2600
7,7,8.2590
8,8,8.2563
9,9,8.2550
10,10,8.2600
11,11,8.2600
12,12,8.2600
13,13,8.2700
14,15,8.2700
15,16,8.2700
16,17,8.2700
17,18,8.2700
18,19,8.2700
19,20,8.2750
20,21,8.2700
21,22,8.2700
22,23,8.2500
23,24,8.2500
24,25,8.2500
25,26,8.2490
26,27,8.2500
27,28,8.2443
28,29,8.2500
29,30,8.2500
30,31,8.2400
31,32,8.2400
32,33,8.2250
33,34,8.2200
34,35,8.2090
35,36,8.2100
36,37,8.2085
37,38,8.2050
38,39,8.2050
39,40,8.2100
40,41,8.2250
41,42,8.2300
42,43,8.2300
43,44,8.2300
44,45,8.2300
45,46,8.2300
46,47,8.2200
47,48,8.2300
48,49,8.2300
49,50,8.2300
50,51,8.2200
51,52,8.2200
52,53,8.2300
53,54,8.2300
54,55,8.2400
55,56,8.2500
56,57,8.2450
57,58,8.2450
58,59,8.2500
59,60,8.2500
60,61,8.2500
61,62,8.2550
62,63,8.2550
63,64,8.2500
64,65,8.2500
65,66,8.2414
66,67,8.2600
67,68,8.2575
68,69,8.2550
69,70,8.2500
70,71,8.2550
71,72,8.2500
72,73,8.2511
73,74,8.2500
74,75,8.2550
75,76,8.2560
76,77,8.2500
77,78,8.2538
78,79,8.2550
79,80,8.2500
80,81,8.2600
81,82,8.2500
82,83,8.2500
83,84,8.2547
84,85,8.2500
85,86,8.2500
86,87,8.2550
87,88,8.2550
88,89,8.2550
89,90,8.2600
90,91,8.2500
91,92,8.2500
92,93,8.2500
93,94,8.2450
94,95,8.2450
95,96,8.2450
96,97,8.2450
97,98,8.2450
98,99,8.2450
99,100,8.2550
100,101,8.2550
101,102,8.2500
102,103,8.2450
103,104,8.2400
104,105,8.2359
105,106,8.2350
106,107,8.2350
107,108,8.2350
108,109,8.2350
109,110,8.2550
110,111,8.2548
111,112,8.2500
112,113,8.2550
113,114,8.2550
114,115,8.2550
115,116,8.2550
116,117,8.2550
117,118,8.2500
118,119,8.2500
119,120,8.2550
120,121,8.2450
121,122,8.2450
122,123,8.2450
123,124,8.2450
124,125,8.2450
125,126,8.2450
126,127,8.2450
127,128,8.2450
128,129,8.2450
129,130,8.2450
130,131,8.2400
131,132,8.2450
132,133,8.2450
133,134,8.2450
134,135,8.2498
135,136,8.2450
136,137,8.2450
137,138,8.2400
138,139,8.2300
139,140,8.2300
140,141,8.2300
141,142,8.2300
142,143,8.2300
143,144,8.2350
144,145,8.2600
145,146,8.2600
146,147,8.2600
147,148,8.2600
148,149,8.2564
149,150,8.2550
150,151,8.2550
151,152,8.2550
152,153,8.2550
153,154,8.2550
154,155,8.2500
155,156,8.2500
156,157,8.2450
157,158,8.2500
158,159,8.2500
159,160,8.2500
160,161,8.2500
161,162,8.2553
162,163,8.2500
163,164,8.2500
164,165,8.2500
165,166,8.2550
166,167,8.2500
167,168,8.2500
168,169,8.2500
169,170,8.2500
170,171,8.2500
171,172,8.2500
172,173,8.2500
173,174,8.2500
174,175,8.2500
175,176,8.2650
176,177,8.2600
177,178,8.2550
178,179,8.2600
179,180,8.2700
180,181,8.2700
181,183,8.2750
182,184,8.2710
183,185,8.2750
184,186,8.2710
185,187,8.2700
186,188,8.2750
187,189,8.2760
188,190,8.2751
189,191,8.2700
190,192,8.2700
191,193,8.2700
192,194,8.2790
193,195,8.2750
194,196,8.2850
195,197,8.2850
196,198,8.2850
197,199,8.2850
198,200,8.2850
199,201,8.2850
200,202,8.2700
201,203,8.2700
202,204,8.2700
203,205,8.2700
204,206,8.2850
205,207,8.2850
206,208,8.2900
207,209,8.3000
208,210,8.2900
209,211,8.2950
210,212,8.3000
211,213,8.3000
212,214,8.3000
213,215,8.2950
214,216,8.2950
215,217,8.2900
216,218,8.2900
217,219,8.2950
218,220,8.2950
219,221,8.2900
220,222,8.2900
221,223,8.2900
222,224,8.2915
223,225,8.2950
224,226,8.3000
225,227,8.3000
226,228,8.2950
227,229,8.2950
228,230,8.2950
229,231,8.3000
230,232,8.3000
231,233,8.2950
232,234,8.3000
233,235,8.2950
234,236,8.3000
235,237,8.3000
236,238,8.3100
237,239,8.3100
238,240,8.3100
239,241,8.3100
240,242,8.3050
241,243,8.3000
242,244,8.3000
243,245,8.3000
244,246,8.3000
245,247,8.2950
246,248,8.2950
247,249,8.3000
248,250,8.3100
249,251,8.3050
250,252,8.3100
251,253,8.3100
252,254,8.3050
253,255,8.3100
254,256,8.3050
255,257,8.3050
256,258,8.3050
257,259,8.3000
258,260,8.2950
259,261,8.2950
260,262,8.2950
261,263,8.3000
262,264,8.2950
263,265,8.3000
264,266,8.2950
265,267,8.2950
266,268,8.2950
267,269,8.2905
268,270,8.2850
269,271,8.2850
270,272,8.2800
271,273,8.2800
272,274,8.2800
273,275,8.2800
274,276,8.2850
275,277,8.2810
276,278,8.2800
277,279,8.2800
278,280,8.2800
279,281,8.2900
280,282,8.2800
281,283,8.2800
282,284,8.2700
283,285,8.2650
284,286,8.2700
285,287,8.2650
286,288,8.2600
287,289,8.2700
288,290,8.2600
289,291,8.2650
290,292,8.2600
291,293,8.2600
292,294,8.2600
293,295,8.2650
294,296,8.2600
295,297,8.2600
296,298,8.2600
297,299,8.2600
298,300,8.2600
299,301,8.2650
300,302,8.2693
301,303,8.2700
302,304,8.2700
303,305,8.2650
304,306,8.2650
305,307,8.2650
306,308,8.2600
307,309,8.2600
308,310,8.2700
309,311,8.2700
310,312,8.2650
311,313,8.2650
312,314,8.2700
313,315,8.2700
314,316,8.2650
315,317,8.2650
316,318,8.2640
317,319,8.2700
318,320,8.2650
319,321,8.2700
320,322,8.2700
321,323,8.2700
322,324,8.2700
323,325,8.2650
324,326,8.2650
325,327,8.2700
326,328,8.2700
327,329,8.2650
328,330,8.2650
329,331,8.2700
330,332,8.2700
331,333,8.2600
332,334,8.2650
333,335,8.2700
334,336,8.2600
335,337,8.2700
336,338,8.2650
337,339,8.2700
338,340,8.2600
339,341,8.2700
340,342,8.2650
341,343,8.2650
342,344,8.2600
343,345,8.2600
344,346,8.2700
345,347,8.2650
346,348,8.2650
347,349,8.2600
348,350,8.2600
349,351,8.2600
350,352,8.2650
351,353,8.2650
352,354,8.2600
353,355,8.2600
354,356,8.2600
355,357,8.2700
356,358,8.2650
357,359,8.2650
358,360,8.2650
359,361,8.2650
360,362,8.2650
361,363,8.2650
362,364,8.2650
363,365,8.2650
364,366,8.2650
365,367,8.2650
366,368,8.2600
367,369,8.2650
368,370,8.2650
369,371,8.2700
370,372,8.2650
371,373,8.2662
372,374,8.2650
373,375,8.2700
374,376,8.2650
375,377,8.2700
376,378,8.2650
377,379,8.2650
378,380,8.2650
379,381,8.2700
380,382,8.2700
381,383,8.2700
382,384,8.2900
383,385,8.2800
384,386,8.2750
385,387,8.2800
386,388,8.2750
387,389,8.2750
388,390,8.2800
