0,-0.432135
1,0.946105
2,-1.063030
3,-1.203287
4,-0.014547
5,-0.170811
6,-0.238372
7,0.431620
8,1.605048
9,-1.394432
10,-0.223322
11,-0.079380
12,-2.487076
13,0.075474
14,-1.230495
15,-1.657047
16,0.282379
17,0.252694
18,-0.969433
19,0.313762
20,-0.239186
21,-0.360310
22,-1.405064
23,0.612725
24,-0.225544
25,0.594907
26,0.162575
27,-1.750469
28,0.900240
29,0.062848
30,1.163392
31,-1.440283
32,-1.074884
33,-0.127826
34,-1.625609
35,0.742696
36,0.343867
37,-1.399354
38,1.014856
39,-0.919201
40,0.728544
41,-0.638123
42,0.800814
43,-0.146168
44,0.679962
45,-1.393636
46,1.216331
47,1.682352
48,1.149024
49,-0.332124
50,1.200150
51,-0.264766
52,-1.183272
53,1.037215
54,0.869674
55,0.854870
56,-1.668412
57,0.194275
58,0.909662
59,-1.484699
60,-0.369707
61,-0.303248
62,-1.941571
63,-0.170217
64,-1.785239
65,1.677438
66,-0.703784
67,-0.646096
68,-0.889146
69,-0.703337
70,0.996442
71,-1.280356
72,1.018756
73,-1.624277
74,0.900576
75,0.104217
76,0.316234
77,1.787328
78,-0.447545
79,-0.233522
80,0.128514
81,-0.431752
82,-0.873714
83,0.279014
84,-0.664640
85,-0.532490
86,-0.199448
87,0.939274
88,0.393791
89,1.075959
90,-0.088174
91,-0.885648
92,0.318069
93,1.494036
94,-0.764847
95,-1.510203
96,-0.471435
97,-0.169497
98,0.923832
99,0.864351
100,-1.616790
101,-0.680331
102,-0.422276
103,-0.599566
104,-0.739634
105,-0.096440
106,1.509407
107,0.127213
108,0.950029
109,-1.641671
110,0.972315
111,-1.102150
112,0.120608
113,0.390207
114,-0.581834
115,-0.251808
116,-1.181297
117,0.772396
118,-0.909351
119,-1.726884
120,0.784398
121,-0.467548
122,1.863379
123,-1.061552
124,0.947274
125,-1.523075
126,1.347035
127,-1.070945
128,-0.999999
129,0.062502
130,-0.497249
131,-1.393125
132,-0.361716
133,0.582059
134,-0.307493
135,0.348724
136,2.198294
137,0.694013
138,-0.758506
139,-0.512667
140,1.527067
141,-1.442931
142,0.177666
143,0.218992
144,0.279114
145,1.430973
146,-0.534264
147,-1.111109
148,-0.781887
149,0.286746
150,-0.868199
151,1.840760
152,0.237515
153,-0.825394
154,-0.121239
155,0.792009
156,-0.694694
157,-1.080104
158,-0.016085
159,0.733576
160,0.411320
161,-0.441856
162,-0.740482
163,-0.444409
164,0.218393
165,-0.620292
166,-0.605711
167,-0.514146
168,1.037441
169,-0.994635
170,-0.382081
171,0.487874
172,1.311826
173,-0.232798
174,-0.575012
175,0.666578
176,0.181355
177,0.140326
178,0.141740
179,0.580977
180,-1.729720
181,-0.660728
182,0.043478
183,-0.291964
184,1.546739
185,0.068925
186,0.049233
187,0.837235
188,0.214587
189,1.677878
190,1.076242
191,0.963885
192,-1.041374
193,0.010799
194,0.558739
195,0.486265
196,0.147602
197,2.077484
198,-0.866663
199,-1.487086
200,-0.849849
201,-1.489175
202,-0.730588
203,0.099842
204,0.686301
205,0.825963
206,-1.267497
207,0.066257
208,0.306063
209,1.073733
210,-0.934222
211,0.531314
212,0.378830
213,-0.961473
214,-0.695764
215,0.377048
216,-0.635111
217,-0.697053
218,-1.011445
219,-1.353311
220,2.008300
221,0.699809
222,-1.121689
223,-1.069721
224,-0.858368
225,2.777848
226,-2.309649
227,0.276750
228,0.004060
229,-1.383297
230,-0.363734
231,0.501261
232,-0.235344
233,-0.685111
234,-0.168525
235,1.006309
236,-1.081379
237,2.756386
238,0.847219
239,-0.595545
240,-2.243627
241,1.047275
242,-1.638534
243,-1.911756
244,-0.300681
245,-1.066955
246,1.303940
247,1.193964
248,0.882563
249,0.337815
250,0.423308
251,-1.086094
252,-1.388716
253,1.087272
254,-0.046394
255,-0.694877
256,0.583755
257,0.463008
258,-0.151551
259,-0.977552
260,-0.210521
261,0.537039
262,-0.990414
263,-0.208533
264,-0.784490
265,-1.170826
266,-1.965112
267,1.125779
268,0.143698
269,-0.557204
270,0.010960
271,-0.364683
272,-0.103245
273,0.691999
274,-1.899397
275,-1.005798
276,-1.956707
277,1.370658
278,1.408902
279,0.860077
280,-0.342087
281,1.479591
282,0.215888
283,-1.595970
284,-0.922275
285,-0.989672
286,1.122485
287,-1.203375
288,2.032145
289,-0.141517
290,-1.635758
291,1.385475
292,1.686678
293,-0.238093
294,-0.249078
295,-0.750791
296,-0.540572
297,-0.052324
298,1.236517
299,-1.588991
300,0.017585
301,0.300595
302,0.545999
303,0.967755
304,1.088087
305,-0.320214
306,-0.991002
307,-0.069859
308,-1.621295
309,0.660054
310,1.262946
311,-0.492455
312,-1.034413
313,-0.586959
314,-0.492265
315,-0.254083
316,-0.567920
317,-0.865245
318,0.615299
319,-1.184042
320,0.542541
321,-0.297254
322,0.734844
323,0.903219
324,1.291954
325,-1.077762
326,0.027315
327,-0.673157
328,-1.071098
329,-0.983867
330,-0.136072
331,0.018706
332,1.009983
333,-0.312337
334,0.435552
335,0.685084
336,-0.962334
337,-1.363648
338,-0.128291
339,1.434497
340,0.332708
341,-0.231106
342,-0.045987
343,0.194889
344,0.006328
345,0.317141
346,0.927646
347,0.971414
348,0.770245
349,0.047843
350,0.017540
351,0.807760
352,-0.198298
353,0.177117
354,0.893983
355,0.012396
356,0.062638
357,-0.840012
358,-0.345226
359,1.005334
360,0.422170
361,0.204959
362,0.643596
363,-0.701872
364,1.918009
365,-0.947357
366,-0.614750
367,-0.240226
368,-1.045742
369,-0.394033
370,-1.117569
371,-0.799932
372,0.436315
373,-1.809271
374,-0.320000
375,0.355901
376,0.573576
377,0.714577
378,1.268387
379,0.055181
380,-1.293738
381,-0.837283
382,-1.312355
383,0.693023
384,-0.717646
385,0.785806
386,2.015192
387,-2.240209
388,1.620632
389,0.054611
390,-0.559525
391,0.876361
392,0.699035
393,0.512314
394,-0.450927
395,0.048428
396,0.795799
397,0.867010
398,0.288165
399,-1.398434
400,-0.296313
401,0.656433
402,-0.513651
403,0.096341
404,0.083137
405,0.119149
406,0.247276
407,0.773843
408,1.235015
409,0.986481
410,1.729847
411,0.728933
412,-0.698887
413,-0.446645
414,0.422354
415,-0.187357
416,0.376099
417,-0.566446
418,1.299307
419,-1.477042
420,-0.545230
421,1.365455
422,-1.358791
423,0.693376
424,-1.214877
425,-2.027615
426,-0.290177
427,-0.307940
428,0.125152
429,1.388928
430,-0.503477
431,-0.733105
432,1.146411
433,1.419508
434,0.888642
435,1.668910
436,0.110246
437,0.279173
438,1.116541
439,0.380962
440,0.739471
441,0.220831
442,-0.490078
443,-0.100904
444,-0.418795
445,-0.042446
446,0.005536
447,-0.193720
448,-1.885298
449,0.562683
450,-0.366526
451,0.447201
452,0.498061
453,0.032661
454,-0.549016
455,-2.577184
456,-1.110919
457,-0.589328
458,1.079681
459,-0.485618
460,0.560001
461,0.114597
462,-0.420615
463,0.011893
464,0.757963
465,-0.906664
466,0.521476
467,1.806083
468,0.139795
469,-0.499957
470,0.980934
471,0.501290
472,-1.486456
473,-0.251686
474,3.366935
475,1.688532
476,-0.521371
477,0.002174
478,-1.086888
479,0.555453
480,0.918531
481,-0.684060
482,-1.381448
483,-0.221204
484,-0.596221
485,-0.515652
486,-0.307441
487,-0.283966
488,-0.713613
489,0.721440
490,-0.155468
491,-1.940518
492,-0.735732
493,0.723503
494,0.035920
495,-0.209113
496,0.416186
497,-0.292503
498,-1.642759
499,1.889105
500,-0.025129
501,0.893795
502,0.273619
503,1.132159
504,-1.070038
505,-0.555477
506,-1.187334
507,0.771461
508,0.004113
509,0.440533
510,1.339461
511,-1.071315
512,1.476581
513,0.877422
514,-0.236974
515,0.307691
516,-0.562360
517,0.082025
518,-0.303347
519,0.845269
520,-0.410578
521,0.000883
522,-0.036820
523,0.336671
524,1.834062
525,-0.905052
526,-0.266936
527,-0.198740
528,0.002950
529,0.284598
530,0.651689
531,1.446004
532,-0.079825
533,-0.858527
534,-1.424518
535,0.014056
536,1.155915
537,-0.123733
538,-0.419328
539,0.239426
540,1.009485
541,0.852882
542,-1.073495
543,-0.483458
544,0.516435
545,0.691343
546,-1.698221
547,0.212283
548,2.264093
549,-0.170253
550,0.977591
551,-1.326032
552,1.311044
553,1.930237
554,-1.259792
555,1.494094
556,-0.227780
557,0.955533
558,-0.397446
559,-0.122687
560,0.092310
561,1.831243
562,0.718963
563,-0.385147
564,-0.599583
565,1.481298
566,1.680278
567,0.558098
568,-0.321808
569,0.586958
570,-1.616681
571,-1.343378
572,-0.338884
573,-0.268463
574,-1.279397
575,-0.392547
576,-0.056577
577,0.340941
578,0.538998
579,-1.175775
580,0.428928
581,-0.223054
582,1.614203
583,2.148599
584,1.525903
585,-0.126302
586,0.398174
587,0.077883
588,1.042001
589,-0.266015
590,-2.117448
591,-2.834978
592,-1.089239
593,-0.438756
594,-0.103928
595,-1.499601
596,-2.119507
597,-0.473296
598,-1.452450
599,0.170906
600,1.364048
601,-0.106651
602,-1.651502
603,-0.051112
604,-0.738615
605,-0.025186
606,-1.118616
607,0.478293
608,0.530792
609,-0.490846
610,-1.350327
611,-1.968980
612,0.153118
613,-2.401124
614,-1.250446
615,0.708902
616,0.293714
617,0.895668
618,0.877111
619,-0.669074
620,-0.582769
621,1.453631
622,1.445363
623,0.149242
624,0.782609
625,0.068157
626,2.178918
627,-0.738351
628,0.349497
629,-0.409182
630,-1.316253
631,-0.200978
632,-0.471873
633,0.010132
634,0.703273
635,-0.413787
636,-0.614691
637,1.142616
638,-0.242099
639,0.478919
640,1.012228
641,0.317987
642,0.710674
643,0.609230
644,1.197359
645,-0.543147
646,0.913940
647,1.296910
648,0.308554
649,-0.138856
650,-0.608391
651,-0.223115
652,1.924456
653,0.956179
654,0.622225
655,1.720188
656,-1.013524
657,1.636061
658,2.061091
659,-0.442017
660,-0.693814
661,-0.262821
662,-0.055557
663,3.612852
664,-1.513864
665,-1.841847
666,1.397225
667,-0.725815
668,0.113596
669,0.581406
670,-0.394141
671,-0.320171
672,-1.424798
673,0.192114
674,0.521462
675,1.704220
676,-0.260008
677,0.960320
678,-1.574199
679,0.943991
680,-1.015383
681,-0.797883
682,1.087148
683,-1.033547
684,-0.692842
685,0.338072
686,1.680082
687,0.335687
688,-1.029296
689,-2.127268
690,-0.702172
691,0.347877
692,0.542715
693,-1.534037
694,0.679010
695,0.114752
696,0.808663
697,-0.682670
698,1.541056
699,-0.566583
700,0.035392
701,0.015250
702,-0.863549
703,-0.504407
704,-1.424286
705,-0.098077
706,1.478280
707,0.832114
708,0.388637
709,0.968831
710,-1.583399
711,0.225477
712,0.265819
713,1.408735
714,-0.170473
715,-0.742926
716,1.049115
717,0.906307
718,0.457444
719,-0.948734
720,-1.259156
721,0.654095
722,0.093729
723,-0.949717
724,0.313388
725,0.599697
726,-1.297327
727,-1.732330
728,1.047952
729,-1.446800
730,0.357802
731,-0.025448
732,-1.535241
733,-0.390606
734,-0.516501
735,0.528309
736,-0.135388
737,-0.782393
738,-0.059371
739,0.927209
740,0.517427
741,1.108576
742,0.942231
743,-0.521049
744,0.368321
745,-0.622216
746,-2.206746
747,-2.413512
748,-0.369438
749,0.823232
750,0.541126
751,-1.556684
752,-0.415811
753,1.324100
754,-0.878741
755,1.340497
756,1.059357
757,0.753969
758,-1.663797
759,-0.189477
760,1.008441
761,-2.180700
762,-0.555605
763,0.020839
764,-0.836390
765,0.907075
766,-0.565884
767,0.609743
768,0.345310
769,0.597925
770,-0.571054
771,0.616534
772,-0.031378
773,-0.232571
774,-0.617712
775,-1.135632
776,0.302597
777,1.581737
778,-1.804518
779,-0.009866
780,0.326774
781,-1.026633
782,0.271725
783,0.028448
784,-1.303044
785,0.810461
786,0.351804
787,0.248518
788,1.820134
789,-0.689891
790,-0.762952
791,0.091377
792,0.176199
793,-0.357943
794,1.449810
795,1.293904
796,0.770120
797,-0.731155
798,-0.365722
799,0.911617
800,0.657630
801,-1.093947
802,-0.957584
803,1.873110
804,0.988162
805,-2.156577
806,-1.719509
807,1.868474
808,2.271116
809,-2.000084
810,0.476752
811,0.058824
812,0.603201
813,-1.740536
814,0.032223
815,-0.900192
816,0.047177
817,1.546934
818,1.141324
819,-0.758322
820,-0.085057
821,1.446277
822,0.569491
823,1.707230
824,-0.118653
825,-0.238637
826,-0.760758
827,0.779030
828,-0.663416
829,0.755118
830,-0.919142
831,0.122352
832,-1.102999
833,-0.058981
834,-0.566829
835,-1.184609
836,-0.111912
837,-0.307043
838,-0.354049
839,1.487839
840,0.576756
841,-0.046338
842,1.406713
843,-1.729726
844,-0.887343
845,-0.046789
846,-0.555126
847,2.038833
848,-0.824858
849,-0.539672
850,-0.516736
851,-0.667939
852,-0.479978
853,0.098020
854,0.322088
855,2.311145
856,-0.877017
857,-0.006363
858,0.621001
859,0.877649
860,-0.183124
861,-1.552116
862,0.529660
863,0.513232
864,1.502660
865,0.185958
866,1.731758
867,-0.643022
868,-0.298204
869,-0.392857
870,0.080850
871,-0.738210
872,0.970472
873,0.122441
874,0.629727
875,0.469070
876,-0.689481
877,-1.628818
878,0.412758
879,-0.229664
880,0.292306
881,0.572423
882,-0.148930
883,1.573360
884,0.328992
885,1.467995
886,-0.592184
887,-0.053122
888,-0.521350
889,-0.130658
890,0.767942
891,-1.149417
892,-0.950960
893,-0.445774
894,1.402778
895,1.690256
896,-0.693910
897,-1.136201
898,1.220502
899,1.438236
900,0.790204
901,1.479064
902,0.339013
903,0.291119
904,1.246588
905,0.005176
906,0.072819
907,0.442184
908,0.453321
909,-0.798811
910,-0.568586
911,-1.821441
912,-0.111986
913,-1.651179
914,0.611048
915,2.048504
916,-0.813337
917,-0.237775
918,0.242799
919,0.184558
920,0.535732
921,-1.001044
922,-1.527678
923,-0.057349
924,0.301058
925,-0.366382
926,0.022908
927,0.220639
928,-0.335786
929,0.700039
930,-1.512381
931,-0.859555
932,-1.760125
933,0.588164
934,-0.991355
935,0.762058
936,1.062495
937,1.031652
938,0.041368
939,-0.735218
940,1.207104
941,-0.567724
942,-0.472802
943,-0.533237
944,-0.265333
945,0.207281
946,0.863611
947,-0.114344
948,-1.379544
949,0.129853
950,1.177044
951,2.062879
952,-0.306001
953,0.092552
954,0.051922
955,-0.977547
956,1.776502
957,-0.413123
958,-0.613365
959,1.726816
960,-0.208455
961,2.037878
962,-0.260752
963,-0.442715
964,0.611765
965,-0.040371
966,0.219691
967,-0.621881
968,-1.736061
969,1.948289
970,1.736912
971,0.644559
972,-0.368183
973,1.274144
974,-0.264807
975,-1.680847
976,0.068775
977,-1.584267
978,-0.023289
979,-2.654020
980,0.743128
981,-1.117829
982,-0.619620
983,-1.546418
984,0.123328
985,0.556244
986,0.007588
987,-1.010827
988,0.235988
989,-1.687198
990,-0.607884
991,-0.897435
992,-0.421078
993,2.101985
994,-0.170516
995,2.945253
996,2.529253
997,-1.425419
998,-1.918328
999,0.163344
