0,0.669672
1,-0.507693
2,0.837458
3,1.841470
4,0.969876
5,0.530733
6,-0.676697
7,-0.454582
8,-1.540740
9,1.667790
10,0.147139
11,0.616282
12,2.998340
13,-0.855329
14,0.958892
15,1.864755
16,-0.613152
17,0.281116
18,1.229485
19,-0.289364
20,0.544832
21,0.152830
22,1.390118
23,-0.652640
24,0.688195
25,-0.111333
26,0.194877
27,1.814823
28,-0.869892
29,-0.248967
30,-1.230126
31,0.839606
32,0.819956
33,-0.072985
34,1.008058
35,-0.596801
36,0.109016
37,0.382786
38,-1.505674
39,0.592373
40,-0.544258
41,0.822903
42,-1.520178
43,0.465193
44,-0.497824
45,1.585790
46,-1.301961
47,-1.541612
48,-0.775752
49,0.559347
50,-0.984677
51,0.253065
52,1.140357
53,-1.158962
54,-0.943705
55,-0.593331
56,1.799142
57,-0.239843
58,-1.077197
59,1.338407
60,0.256107
61,-0.321585
62,1.676847
63,0.126859
64,1.241113
65,-2.060415
66,0.559748
67,0.787539
68,0.937714
69,0.580555
70,-1.226981
71,1.100692
72,-1.567608
73,1.826321
74,-0.389926
75,0.025086
76,-0.027905
77,-1.711409
78,0.466034
79,0.469435
80,0.411902
81,-0.205946
82,0.994695
83,-0.366691
84,1.143010
85,0.393916
86,-0.011200
87,-0.881675
88,-0.707770
89,-1.295542
90,0.202941
91,0.766631
92,-0.189277
93,-1.114068
94,1.100516
95,0.572384
96,-0.010119
97,-0.319166
98,-1.254147
99,-0.103503
100,1.225166
101,0.837185
102,-0.294341
103,1.131280
104,0.527790
105,-0.422764
106,-1.510441
107,0.706497
108,-0.638366
109,1.446025
110,-0.686386
111,0.261259
112,0.292135
113,0.187576
114,0.723702
115,0.232959
116,1.757742
117,-1.061183
118,0.502312
119,1.216422
120,-1.334636
121,0.851596
122,-1.397403
123,0.977348
124,-0.390711
125,0.871365
126,-1.663751
127,1.075297
128,0.525169
129,-0.154122
130,-0.353937
131,1.842627
132,0.573295
133,-0.063400
134,1.011523
135,-0.111768
136,-1.569545
137,-0.900884
138,1.693190
139,0.533038
140,-0.433017
141,1.176951
142,-0.412016
143,-0.314989
144,-0.009725
145,-1.284795
146,0.762399
147,0.417378
148,0.941021
149,-0.419129
150,0.720303
151,-1.006639
152,-0.418113
153,0.823847
154,-0.052991
155,-0.441641
156,0.130085
157,0.647583
158,0.161087
159,-0.702012
160,-0.503705
161,-0.435813
162,-0.027086
163,0.508699
164,-0.472634
165,0.602010
166,0.373425
167,0.100134
168,-1.345972
169,0.476002
170,0.589206
171,-0.242123
172,-1.833157
173,-0.248679
174,0.890649
175,-1.036915
176,-0.522953
177,-0.220459
178,-0.098099
179,-0.042883
180,1.703543
181,0.755080
182,-0.226015
183,0.777461
184,-2.065465
185,0.049878
186,0.302974
187,-0.621358
188,-0.226532
189,-1.814371
190,-0.970415
191,-0.180468
192,1.055436
193,-0.180093
194,-0.376783
195,-0.236980
196,0.138596
197,-1.982029
198,1.169463
199,1.581871
200,0.628322
201,1.332213
202,1.545955
203,0.348376
204,-0.799201
205,-0.624997
206,0.185743
207,-0.083019
208,-0.623385
209,-0.988572
210,0.932185
211,-0.216016
212,-0.605026
213,1.736941
214,1.124410
215,-0.176477
216,0.879191
217,1.400050
218,0.389102
219,0.900295
220,-2.793116
221,-0.217792
222,1.628218
223,1.097085
224,0.594505
225,-2.845099
226,1.489179
227,-0.407560
228,-0.792881
229,1.865391
230,0.534849
231,-0.119332
232,-0.936839
233,0.674000
234,0.328525
235,-1.583738
236,0.749321
237,-2.831412
238,-1.073798
239,-0.214067
240,1.938071
241,-1.157975
242,1.779323
243,1.855428
244,0.556246
245,1.056247
246,-0.819721
247,-1.421364
248,-0.798510
249,-0.749385
250,-0.226015
251,0.548082
252,1.162289
253,-1.361971
254,-0.396351
255,0.044679
256,0.093814
257,0.013084
258,-0.391011
259,1.551581
260,0.260157
261,-0.944447
262,1.730065
263,-0.248901
264,1.182912
265,2.017088
266,1.656089
267,-0.602189
268,0.470071
269,-0.212018
270,0.148465
271,0.360351
272,0.006167
273,-0.239754
274,1.610115
275,0.802807
276,1.742098
277,-1.281059
278,-0.709830
279,-0.819797
280,0.980695
281,-1.558050
282,0.454801
283,1.349588
284,0.486872
285,0.747068
286,-1.836625
287,1.067894
288,-2.753575
289,-0.364436
290,1.637113
291,-1.065800
292,-2.197398
293,-0.472218
294,0.470442
295,0.450982
296,-0.172079
297,-0.093336
298,-1.122108
299,0.912093
300,0.523328
301,-0.314924
302,-1.037552
303,-0.386757
304,-1.531203
305,0.199712
306,0.536263
307,0.340354
308,1.701641
309,-0.565276
310,-1.409865
311,1.017802
312,0.363688
313,0.599665
314,0.852184
315,0.222376
316,0.239247
317,1.301790
318,-0.602820
319,1.373918
320,-0.381847
321,0.989661
322,-1.086491
323,-0.947486
324,-1.126417
325,1.093336
326,0.866450
327,1.016962
328,1.558176
329,1.322565
330,0.696655
331,0.154897
332,-0.427788
333,0.872442
334,-1.129792
335,-0.555557
336,0.667433
337,0.981241
338,0.053159
339,-1.744326
340,-0.381412
341,0.150273
342,0.780795
343,-0.083350
344,0.187368
345,-0.632134
346,-1.110552
347,-0.171758
348,-1.012975
349,0.213150
350,0.067878
351,-0.451723
352,0.312496
353,0.339130
354,-0.451915
355,0.335266
356,-0.171226
357,0.864034
358,0.998187
359,-0.779535
360,-0.055874
361,-0.674842
362,-0.065414
363,0.629045
364,-1.519173
365,1.010815
366,0.606844
367,-0.342085
368,0.321539
369,-0.030162
370,0.965104
371,1.010521
372,-1.215823
373,1.743535
374,0.347252
375,-0.548649
376,-0.274923
377,-0.267138
378,-1.183394
379,0.002480
380,1.380714
381,1.216219
382,-0.136626
383,-0.992046
384,0.481571
385,0.234453
386,-1.727154
387,2.641930
388,-0.989814
389,-0.010580
390,1.055012
391,-0.311672
392,-0.543041
393,-0.663059
394,0.753192
395,0.775839
396,0.037596
397,-1.286614
398,-0.131442
399,0.626786
400,0.296397
401,-0.105165
402,-0.348842
403,-0.297385
404,-1.126028
405,-0.123247
406,0.356977
407,-0.819084
408,0.144033
409,-1.234536
410,-1.704623
411,-0.766589
412,0.664707
413,0.604485
414,-0.643188
415,0.568599
416,-0.636449
417,0.095482
418,-1.317076
419,0.764537
420,0.565799
421,-1.661413
422,1.392536
423,-0.828011
424,0.430995
425,1.904759
426,0.331495
427,1.254210
428,0.509434
429,-1.736967
430,-0.023688
431,0.592138
432,-1.001359
433,-1.834631
434,-0.815723
435,-1.350931
436,0.389810
437,-0.324592
438,-0.998701
439,-0.124350
440,-0.932016
441,0.485945
442,0.806258
443,0.315560
444,0.432962
445,0.316824
446,0.402535
447,-0.219675
448,1.286908
449,0.416370
450,0.140259
451,-0.698327
452,-1.292554
453,0.938106
454,0.341944
455,1.877439
456,0.544081
457,0.062201
458,-0.780912
459,0.945972
460,0.358107
461,-0.168317
462,-0.341713
463,0.123636
464,0.072430
465,0.767905
466,-0.247916
467,-1.232093
468,-0.015327
469,0.690884
470,-0.848997
471,-0.314825
472,1.367978
473,-0.329384
474,-2.487468
475,-1.548733
476,0.414397
477,-0.118944
478,1.961926
479,-0.558193
480,-0.762070
481,-0.082005
482,2.215136
483,0.474360
484,0.694217
485,0.375192
486,0.226545
487,0.010944
488,0.391446
489,-0.711750
490,0.498428
491,1.431988
492,0.084254
493,-0.491205
494,0.210911
495,0.808419
496,-0.612075
497,0.737310
498,0.985069
499,-1.620002
500,-0.028003
501,-1.238552
502,-0.436341
503,-0.606555
504,1.620967
505,-0.026391
506,1.245342
507,-0.922879
508,0.086178
509,-0.851008
510,-1.075212
511,1.092983
512,-1.465167
513,-0.498867
514,0.303469
515,0.017499
516,0.838751
517,-0.101022
518,0.803448
519,-0.558057
520,0.902887
521,-0.124735
522,0.098587
523,0.038699
524,-1.930875
525,0.965930
526,0.067270
527,0.017429
528,0.497942
529,-0.185663
530,-0.093313
531,-1.474952
532,-0.057913
533,0.510009
534,1.890646
535,0.379303
536,-0.974897
537,0.498913
538,0.958042
539,-0.270249
540,-0.253627
541,0.079732
542,1.460599
543,0.737019
544,-0.683790
545,-1.624855
546,1.897605
547,-0.658576
548,-1.603639
549,0.624792
550,-1.586849
551,1.818312
552,-1.763112
553,-1.793939
554,-0.275514
555,-1.272552
556,0.960552
557,-1.074751
558,0.591519
559,-0.009054
560,-0.449389
561,-1.272145
562,-0.696896
563,-0.126248
564,0.205927
565,-0.459813
566,-1.958153
567,-0.464835
568,1.077438
569,-0.418058
570,0.952187
571,1.632476
572,0.373624
573,0.396909
574,1.163058
575,0.139554
576,-0.713860
577,-0.614470
578,-0.827083
579,1.018231
580,-0.774680
581,0.293003
582,-2.017478
583,-1.778204
584,-2.162779
585,0.566840
586,-0.095649
587,0.738958
588,-0.732606
589,0.342991
590,1.515298
591,2.352462
592,1.418085
593,0.675557
594,0.563722
595,1.246554
596,1.534335
597,0.164726
598,1.540018
599,-0.297422
600,-1.465359
601,-0.165553
602,1.971330
603,-0.504341
604,0.527202
605,0.117037
606,0.752980
607,-1.120658
608,-0.609043
609,-0.312996
610,1.403565
611,1.467152
612,-0.519875
613,1.367728
614,0.758643
615,0.018502
616,-0.448146
617,-0.895668
618,-1.513524
619,0.468489
620,0.754367
621,-1.165022
622,-1.198903
623,-0.087003
624,-0.326933
625,0.342570
626,-1.775844
627,0.850543
628,-0.183803
629,0.262349
630,1.597856
631,-0.058018
632,0.213551
633,0.768921
634,0.014459
635,0.224490
636,0.333766
637,-1.478154
638,-0.689656
639,-0.121669
640,-0.191452
641,-1.277611
642,-0.898333
643,-0.475016
644,-0.943738
645,-0.009008
646,-0.422691
647,-0.222738
648,-0.193843
649,0.623103
650,0.675180
651,0.581032
652,-1.635677
653,-0.291897
654,-0.617306
655,-1.211547
656,1.413500
657,-1.421578
658,-1.880653
659,0.199647
660,-0.132528
661,0.187323
662,0.316177
663,-3.581380
664,1.400248
665,2.068168
666,-1.186157
667,0.848672
668,0.717103
669,-0.208342
670,-0.191014
671,1.173696
672,1.203196
673,-0.382155
674,-0.864489
675,-2.494933
676,0.345912
677,-0.684453
678,1.716526
679,-1.048358
680,1.132422
681,1.277833
682,-1.113061
683,1.470841
684,1.026662
685,-0.598723
686,-1.685869
687,-0.131476
688,0.833216
689,2.461369
690,0.185960
691,-0.170743
692,-0.289614
693,1.506324
694,-0.287982
695,-0.062344
696,-0.302335
697,0.464638
698,-1.165470
699,0.494456
700,-0.361979
701,-1.198732
702,0.489524
703,-0.063315
704,0.663756
705,-0.686228
706,-1.553373
707,-1.035902
708,0.078203
709,-0.565754
710,1.069078
711,-0.262148
712,0.345189
713,-0.946662
714,0.093125
715,0.431110
716,-1.603729
717,-1.125300
718,-0.382846
719,1.351603
720,1.330549
721,-0.085293
722,-0.204372
723,0.970825
724,0.073048
725,-0.826077
726,1.990772
727,1.241043
728,-1.282983
729,1.153446
730,-0.537696
731,0.798666
732,1.503528
733,0.048095
734,1.151650
735,-0.954732
736,-0.120290
737,1.031432
738,-0.055142
739,-0.990772
740,-0.942847
741,-0.822768
742,-0.775404
743,-0.452887
744,0.007879
745,0.620181
746,2.263841
747,1.647534
748,0.047570
749,-0.792527
750,-0.255240
751,2.318649
752,0.030258
753,-1.289188
754,0.905770
755,-1.354378
756,-1.091596
757,0.286048
758,2.582803
759,0.334557
760,-0.939184
761,1.868914
762,1.132014
763,0.009752
764,0.669179
765,-0.978228
766,0.013004
767,-0.136160
768,0.332786
769,-0.762151
770,0.939669
771,-0.091280
772,0.565311
773,1.155029
774,1.115784
775,0.501547
776,-0.310215
777,-1.062277
778,1.895982
779,-0.442508
780,-0.782658
781,1.807269
782,0.274146
783,0.014681
784,1.373851
785,-0.076591
786,-0.176140
787,0.128859
788,-2.045706
789,1.014733
790,0.266692
791,0.636703
792,0.001536
793,0.028956
794,-1.288205
795,-1.214840
796,-0.920147
797,0.116068
798,0.776213
799,-0.821491
800,-0.163034
801,0.707403
802,0.619297
803,-1.943005
804,-0.850297
805,2.558548
806,2.427990
807,-1.381101
808,-2.511584
809,1.681395
810,-0.698800
811,-0.637155
812,-0.448828
813,2.508745
814,0.170735
815,0.959947
816,0.459677
817,-1.159215
818,-1.041302
819,1.042681
820,-0.024903
821,-2.378942
822,-0.212964
823,-1.318370
824,0.351467
825,0.210471
826,1.101857
827,-0.953569
828,0.703205
829,-0.700198
830,1.385143
831,0.122458
832,1.110750
833,0.551561
834,0.452891
835,0.916090
836,0.594679
837,0.388362
838,0.361918
839,-1.104270
840,-0.244436
841,-1.203203
842,-0.391784
843,1.815212
844,1.022522
845,-0.101694
846,0.357089
847,-1.168598
848,0.413984
849,0.935509
850,0.085694
851,0.556073
852,0.362061
853,-0.517961
854,-0.961688
855,-1.950277
856,0.791190
857,0.770099
858,-0.931026
859,-0.626384
860,0.486659
861,1.111356
862,-0.132075
863,-0.513967
864,-1.304129
865,-0.573008
866,-1.770162
867,0.924207
868,-0.102636
869,0.132734
870,-0.222701
871,0.354002
872,-1.164603
873,-0.081473
874,-1.100792
875,-0.332619
876,0.006903
877,2.131860
878,0.213626
879,0.158723
880,-1.200797
881,-0.702619
882,-0.422358
883,-1.237183
884,-0.581479
885,-1.491334
886,0.204570
887,0.207146
888,0.615651
889,0.393330
890,-0.971683
891,0.493444
892,0.987640
893,0.092272
894,-0.708556
895,-2.540187
896,0.533508
897,1.012376
898,-1.116187
899,-1.711363
900,-0.352342
901,-1.492806
902,-0.687294
903,-1.035034
904,-1.153796
905,-0.132474
906,0.296818
907,0.171364
908,-0.794145
909,1.030386
910,0.198471
911,1.938340
912,-0.119087
913,1.625101
914,-0.778871
915,-1.522487
916,0.926366
917,0.478916
918,-0.311842
919,0.349138
920,-0.578710
921,1.128462
922,1.610148
923,-0.425149
924,-0.198354
925,0.417550
926,0.088900
927,0.630054
928,-0.041099
929,-0.551341
930,1.340661
931,1.141530
932,2.280671
933,0.524979
934,0.914795
935,-0.405747
936,-1.358927
937,-1.080803
938,-0.598854
939,1.031808
940,-0.813283
941,0.927987
942,1.154930
943,0.217216
944,-0.713158
945,-0.103660
946,-0.547272
947,-0.046900
948,0.717937
949,-0.293342
950,-1.085461
951,-2.236066
952,0.520206
953,-0.344468
954,0.121447
955,1.239678
956,-1.031350
957,0.956068
958,0.078262
959,-1.669664
960,0.709987
961,-2.089043
962,0.938568
963,0.324322
964,-0.340979
965,-0.809706
966,-0.341082
967,0.859924
968,1.784832
969,-1.915087
970,-1.470515
971,-0.215892
972,0.148883
973,-0.680004
974,0.629626
975,1.927682
976,0.274717
977,1.307071
978,0.208400
979,2.244888
980,-1.083828
981,1.187922
982,1.405717
983,0.727905
984,0.553608
985,-1.171175
986,-0.245012
987,0.480236
988,0.111894
989,2.019509
990,1.205297
991,0.907892
992,0.919372
993,-1.181146
994,0.245598
995,-1.835162
996,-1.947226
997,1.226965
998,1.765990
999,0.210364
